.Random.seed <-
c(403L, 10L, 1019312151L, -2025906163L, -235477724L, 804151562L, 
-1434953611L, 771519439L, -882490154L, 1919702144L, -1141462333L, 
597111905L, -993823536L, 1741547054L, -496805927L, 1370191851L, 
-388501926L, 1794992156L, -489720545L, -537774731L, -489192436L, 
1337050594L, 2090514109L, -1884843721L, -481053218L, -233772264L, 
1337680507L, -1001091047L, -2145040216L, 147925590L, 293115601L, 
-2042587517L, -509801198L, 253335716L, -1908696985L, 1906170301L, 
-1886178508L, -1685186406L, -272613659L, -1706141569L, 1881805318L, 
698645904L, -996581325L, -2122575919L, 1057129856L, 1388103774L, 
1225811881L, -2134516133L, 71565930L, 799846156L, -267171505L, 
-2013400571L, 302866620L, 457853330L, -1008328051L, -611381049L, 
1367025070L, -157700088L, -1433869301L, 122986729L, 1596121016L, 
-393381786L, -1203115775L, -27156589L, -1331564478L, 1316501492L, 
-1724685833L, 431990253L, 1901192836L, -1123919702L, 1435149845L, 
-704152913L, 335818934L, 73821920L, -414666205L, -831398591L, 
-1230643152L, 747125326L, -1705673031L, -1276097845L, 1211206522L, 
-601081220L, -1909010753L, -1667074155L, -1658916948L, -2043269758L, 
-1022233763L, 647683671L, -677184194L, -498758280L, 715726427L, 
-101566023L, 425233416L, -485910858L, -1676433935L, 386956323L, 
-1694690190L, -1709586748L, -2103844729L, -1670142883L, -698529196L, 
1971298426L, 1595253701L, 1874384159L, 1876685990L, -183155152L, 
-720102189L, -2060315919L, 543498784L, 392840382L, 198815945L, 
-971312517L, 539744330L, -643815252L, -1310240849L, 163486565L, 
-698224356L, 1941698930L, 1451092461L, -538083801L, -1792561586L, 
469914280L, 106229931L, 478976457L, 1037956568L, -329972602L, 
-1226675871L, 1729408243L, -625536158L, -2051990060L, -417130281L, 
-1554912563L, -1807730076L, 1933701194L, -1816578635L, -980330225L, 
-852425194L, -56966976L, -1892166013L, -1859415391L, 753513616L, 
1778573166L, -309675751L, -1824466517L, -802441318L, 338995036L, 
265254495L, 1127712309L, -327211572L, -1719229150L, 1862897533L, 
-1742592905L, 1505827230L, -1113812904L, 809799099L, 736404313L, 
-364982040L, 1620766998L, 1695126161L, -245899453L, -9717166L, 
-1198011164L, 1229248295L, -199273603L, -1949751692L, 124852314L, 
18014373L, 1478279871L, -1850205882L, -618844208L, -340284941L, 
1946633489L, -1008475840L, -1295953634L, -599923223L, 1010099995L, 
811995434L, -228750772L, 1919440399L, -1251034811L, 1723048700L, 
1748982098L, 523136717L, 743917191L, -1004514962L, 1767222088L, 
505278283L, -1536444759L, 629050360L, -591547610L, -706874303L, 
-1994123821L, -85256318L, 1390173108L, 1139913527L, 18829869L, 
1077760836L, 1431648362L, -1561992491L, -1857119121L, 2115868022L, 
-505078112L, 715758435L, -881102847L, -1390699664L, 1824314126L, 
1054453113L, -906131189L, -1859814854L, 1459302716L, 691838591L, 
-1151138347L, -178750484L, -685671102L, -1758788963L, 393785111L, 
1194577534L, 1705504312L, -284239589L, 1215790713L, -1621280056L, 
-1928500490L, 1921180465L, 667300707L, 727779634L, 1424980612L, 
599316167L, -1450304099L, 229112084L, -1668064168L, -1667502534L, 
1733736688L, 1689552572L, 1848975892L, 1796338882L, 1903376992L, 
1118794108L, 2043751632L, 1123348514L, 1339380904L, 1202991500L, 
1917649340L, 1697893426L, 1785605952L, 1264175796L, 1409748296L, 
-1880475974L, 1692711696L, 1467173100L, -409949100L, -413531374L, 
2143677856L, -2002708532L, -780014752L, -843109182L, 1041605160L, 
398957996L, -1930222788L, -819875982L, 1411915568L, 386300964L, 
60248632L, 770885338L, 509666192L, -1910501124L, 233269652L, 
-511657150L, -1605258752L, 276657212L, 1013426768L, -1339796318L, 
-1110235320L, 912975372L, -566782244L, -2095947694L, -1690431360L, 
1905439572L, 312398824L, -1866575110L, -1168765104L, 989368364L, 
1911263604L, -1394742638L, -1240575392L, -1032029044L, 543894880L, 
1697087714L, -923379544L, -462372148L, 1695696380L, -1250142286L, 
462073840L, 1730477508L, 1610189144L, 2083564922L, -1211507280L, 
-1799038532L, -988059052L, -505664062L, -124908768L, 1099148220L, 
388019280L, -1944823838L, 844110696L, 12248908L, 363584252L, 
-985361678L, -952356608L, -1307224972L, 195426824L, -838295110L, 
835369424L, -972532756L, 1191024532L, 1887675602L, 915312736L, 
-805045940L, -1188815072L, -1857346942L, -1652035096L, -881687572L, 
988069436L, 829297266L, 1859966832L, -488095452L, 2124512824L, 
-1272762982L, 638686672L, 1102049724L, -1230792044L, 279328386L, 
-1237616192L, -1212145860L, 2138392208L, -228244702L, -1467306488L, 
106014476L, -370778212L, -1666779118L, -962083968L, -593314028L, 
1418733864L, 1327970362L, 1994123216L, 1596621420L, -2119482316L, 
-1817154414L, 1059009888L, 129868108L, -1264541216L, 1845835682L, 
-2142085208L, -613430132L, 296643516L, 723222642L, 441816048L, 
-788856764L, 1396855896L, -659666886L, 1690009712L, 179735100L, 
1013615380L, -1640702270L, 125411040L, -1475804036L, 372338896L, 
-908975198L, -1424760280L, 782212364L, 70069180L, -1875276494L, 
1328448704L, 1479622196L, -731257144L, 510365370L, 46565520L, 
-313431316L, -1607605676L, -15997294L, -17687776L, -1381835828L, 
-1644088096L, 1347713730L, 309346344L, 879895468L, -539028804L, 
-2096374286L, 618737200L, -96122972L, -291002952L, -1443428518L, 
1102694544L, 1427563388L, -667854060L, 90669378L, 714531584L, 
-837802052L, 2146837328L, 1646259490L, 1083643464L, -1077696500L, 
237766748L, 1984713170L, -741002752L, -1863059116L, -1077771032L, 
-766460678L, -1492164912L, 352462124L, -534001420L, 1440533906L, 
684429664L, 234409996L, -295209248L, -1047451038L, -66656600L, 
-276003252L, 1063084924L, -590027470L, 1559164528L, 1764395844L, 
-2067233832L, 810143610L, -595228112L, 2014899132L, 1963446868L, 
-874347454L, -702316384L, -171427140L, -457802288L, -1996798110L, 
1942768360L, 732288204L, -605876740L, -960775694L, 1955010176L, 
1217533428L, -1511214456L, -504848582L, 533266256L, -389022612L, 
26834324L, 1274463314L, -621274656L, 1180593356L, 1265510560L, 
826640770L, 1513543912L, -1800234260L, -428554948L, 1587528818L, 
-942797712L, 1707971620L, -1224257480L, -1776786662L, -623352624L, 
-750364450L, 113652651L, 1209187501L, -1347354342L, 2044016088L, 
-1519571391L, 714040563L, -2082475244L, 475677346L, -934708297L, 
2025363329L, -431235706L, 2028777412L, -604523787L, 973006687L, 
-1620465224L, 1494339734L, 1418950307L, 198891621L, -1391694462L, 
-392245520L, 1383719577L, 1558185611L, 1825580924L, -138352214L, 
625664479L, 456570729L, -727548034L, -1003370644L, 466746301L, 
1675356295L, -1482267536L, 381607694L, -1352817605L, 590342941L, 
1936630218L, 1375111912L, 1054113233L, -1610043453L, -489195324L, 
224495474L, 1450326599L, -743945711L, -2048965738L, -1225554188L, 
870328453L, -1884840497L, -1326962488L, 410796390L, 47739795L, 
-319718155L, -1150559022L, 1832094496L, 425853705L, -2121194437L, 
24881548L, 1812676634L, -2140148593L, -1355934759L, 1375884398L, 
2052126716L, 1896246637L, 1949411095L, -15952160L, 831448254L, 
-786058613L, -1693386483L, 1488022842L, -1749684872L, 555738913L, 
-806584365L, -1775114508L, 521533314L, 1609965079L, 1470837985L, 
-1029025242L, 630690596L, 630406101L, -1026696321L, 1564335640L, 
1054369078L, 1122810819L, 1277108741L, 667711906L, 2092907920L, 
-1652339399L, 1189415403L, 1602898652L, -319934710L, 1875321343L, 
-1954387895L, 1452278238L, 1038805388L, -1866037923L, 1290495335L, 
1465595536L, 474732718L, 1809357147L, 1308609853L, -102137942L, 
-1795057592L, -871108495L, -1679876637L, 332683492L, 1622275090L, 
192446439L, -34363471L, -1099089418L, -1483733996L, 2002484005L, 
-213771217L, 817171944L, 193211078L, -1123568781L, 1661942741L, 
-1601748046L, -879667840L, 1067617641L, 306799067L, -1684059860L, 
-1769280710L, -74938897L, -899374983L, 2059275022L, 1497349852L, 
-336687795L, 1793089719L, 2074532416L, 1559061278L, 1841637867L, 
1243686253L, -1024750630L, 280157592L, 2064778241L, 1909683635L, 
287644884L, 1414597090L, 1447036023L, -778888767L, -697654458L, 
586378884L, 663255093L, 1475340319L, -747434120L, -71817642L, 
